Metrics for 1 fold, test:
              precision    recall  f1-score   support

           0       1.00      0.79      0.88        14
           1       0.92      0.92      0.92        13
           2       0.85      0.85      0.85        13
           3       0.74      1.00      0.85        14
           4       0.92      0.86      0.89        14
          10       0.83      1.00      0.91         5
          12       1.00      0.60      0.75         5

    accuracy                           0.87        78
   macro avg       0.89      0.86      0.86        78
weighted avg       0.89      0.87      0.87        78


Confusion matrix:
[[11  0  1  1  1  0  0]
 [ 0 12  0  1  0  0  0]
 [ 0  0 11  2  0  0  0]
 [ 0  0  0 14  0  0  0]
 [ 0  0  1  1 12  0  0]
 [ 0  0  0  0  0  5  0]
 [ 0  1  0  0  0  1  3]]


Metrics for 1 fold, train:
              precision    recall  f1-score   support

           0       1.00      1.00      1.00        59
           1       1.00      1.00      1.00        49
           2       1.00      1.00      1.00        49
           3       1.00      1.00      1.00        60
           4       1.00      1.00      1.00        55
          10       1.00      1.00      1.00        20
          12       1.00      1.00      1.00        18

    accuracy                           1.00       310
   macro avg       1.00      1.00      1.00       310
weighted avg       1.00      1.00      1.00       310


Confusion matrix:
[[59  0  0  0  0  0  0]
 [ 0 49  0  0  0  0  0]
 [ 0  0 49  0  0  0  0]
 [ 0  0  0 60  0  0  0]
 [ 0  0  0  0 55  0  0]
 [ 0  0  0  0  0 20  0]
 [ 0  0  0  0  0  0 18]]


Metrics for 2 fold, test:
              precision    recall  f1-score   support

           0       0.88      1.00      0.94        15
           1       1.00      1.00      1.00        12
           2       0.90      0.75      0.82        12
           3       0.88      0.93      0.90        15
           4       0.92      0.86      0.89        14
          10       1.00      0.80      0.89         5
          12       0.83      1.00      0.91         5

    accuracy                           0.91        78
   macro avg       0.92      0.91      0.91        78
weighted avg       0.91      0.91      0.91        78


Confusion matrix:
[[15  0  0  0  0  0  0]
 [ 0 12  0  0  0  0  0]
 [ 1  0  9  1  1  0  0]
 [ 0  0  1 14  0  0  0]
 [ 1  0  0  1 12  0  0]
 [ 0  0  0  0  0  4  1]
 [ 0  0  0  0  0  0  5]]


Metrics for 2 fold, train:
              precision    recall  f1-score   support

           0       1.00      1.00      1.00        58
           1       1.00      1.00      1.00        50
           2       1.00      1.00      1.00        50
           3       1.00      1.00      1.00        59
           4       1.00      1.00      1.00        55
          10       1.00      1.00      1.00        20
          12       1.00      1.00      1.00        18

    accuracy                           1.00       310
   macro avg       1.00      1.00      1.00       310
weighted avg       1.00      1.00      1.00       310


Confusion matrix:
[[58  0  0  0  0  0  0]
 [ 0 50  0  0  0  0  0]
 [ 0  0 50  0  0  0  0]
 [ 0  0  0 59  0  0  0]
 [ 0  0  0  0 55  0  0]
 [ 0  0  0  0  0 20  0]
 [ 0  0  0  0  0  0 18]]


Metrics for 3 fold, test:
              precision    recall  f1-score   support

           0       1.00      0.87      0.93        15
           1       0.86      1.00      0.92        12
           2       0.85      0.92      0.88        12
           3       0.92      0.73      0.81        15
           4       0.81      0.93      0.87        14
          10       1.00      1.00      1.00         5
          12       1.00      1.00      1.00         5

    accuracy                           0.90        78
   macro avg       0.92      0.92      0.92        78
weighted avg       0.90      0.90      0.90        78


Confusion matrix:
[[13  0  0  0  2  0  0]
 [ 0 12  0  0  0  0  0]
 [ 0  0 11  1  0  0  0]
 [ 0  1  2 11  1  0  0]
 [ 0  1  0  0 13  0  0]
 [ 0  0  0  0  0  5  0]
 [ 0  0  0  0  0  0  5]]


Metrics for 3 fold, train:
              precision    recall  f1-score   support

           0       1.00      1.00      1.00        58
           1       1.00      1.00      1.00        50
           2       1.00      1.00      1.00        50
           3       1.00      1.00      1.00        59
           4       1.00      1.00      1.00        55
          10       1.00      1.00      1.00        20
          12       1.00      1.00      1.00        18

    accuracy                           1.00       310
   macro avg       1.00      1.00      1.00       310
weighted avg       1.00      1.00      1.00       310


Confusion matrix:
[[58  0  0  0  0  0  0]
 [ 0 50  0  0  0  0  0]
 [ 0  0 50  0  0  0  0]
 [ 0  0  0 59  0  0  0]
 [ 0  0  0  0 55  0  0]
 [ 0  0  0  0  0 20  0]
 [ 0  0  0  0  0  0 18]]


Metrics for 4 fold, test:
              precision    recall  f1-score   support

           0       1.00      0.93      0.97        15
           1       1.00      1.00      1.00        12
           2       1.00      0.92      0.96        12
           3       0.93      0.93      0.93        15
           4       0.88      1.00      0.93        14
          10       0.83      1.00      0.91         5
          12       1.00      0.75      0.86         4

    accuracy                           0.95        77
   macro avg       0.95      0.93      0.94        77
weighted avg       0.95      0.95      0.95        77


Confusion matrix:
[[14  0  0  0  1  0  0]
 [ 0 12  0  0  0  0  0]
 [ 0  0 11  1  0  0  0]
 [ 0  0  0 14  1  0  0]
 [ 0  0  0  0 14  0  0]
 [ 0  0  0  0  0  5  0]
 [ 0  0  0  0  0  1  3]]


Metrics for 4 fold, train:
              precision    recall  f1-score   support

           0       1.00      1.00      1.00        58
           1       1.00      1.00      1.00        50
           2       1.00      1.00      1.00        50
           3       1.00      1.00      1.00        59
           4       1.00      1.00      1.00        55
          10       1.00      1.00      1.00        20
          12       1.00      1.00      1.00        19

    accuracy                           1.00       311
   macro avg       1.00      1.00      1.00       311
weighted avg       1.00      1.00      1.00       311


Confusion matrix:
[[58  0  0  0  0  0  0]
 [ 0 50  0  0  0  0  0]
 [ 0  0 50  0  0  0  0]
 [ 0  0  0 59  0  0  0]
 [ 0  0  0  0 55  0  0]
 [ 0  0  0  0  0 20  0]
 [ 0  0  0  0  0  0 19]]


Metrics for 5 fold, test:
              precision    recall  f1-score   support

           0       1.00      1.00      1.00        14
           1       1.00      0.92      0.96        13
           2       0.93      1.00      0.96        13
           3       1.00      1.00      1.00        15
           4       1.00      1.00      1.00        13
          10       1.00      1.00      1.00         5
          12       1.00      1.00      1.00         4

    accuracy                           0.99        77
   macro avg       0.99      0.99      0.99        77
weighted avg       0.99      0.99      0.99        77


Confusion matrix:
[[14  0  0  0  0  0  0]
 [ 0 12  1  0  0  0  0]
 [ 0  0 13  0  0  0  0]
 [ 0  0  0 15  0  0  0]
 [ 0  0  0  0 13  0  0]
 [ 0  0  0  0  0  5  0]
 [ 0  0  0  0  0  0  4]]


Metrics for 5 fold, train:
              precision    recall  f1-score   support

           0       1.00      1.00      1.00        59
           1       1.00      1.00      1.00        49
           2       1.00      1.00      1.00        49
           3       1.00      1.00      1.00        59
           4       1.00      1.00      1.00        56
          10       1.00      1.00      1.00        20
          12       1.00      1.00      1.00        19

    accuracy                           1.00       311
   macro avg       1.00      1.00      1.00       311
weighted avg       1.00      1.00      1.00       311


Confusion matrix:
[[59  0  0  0  0  0  0]
 [ 0 49  0  0  0  0  0]
 [ 0  0 49  0  0  0  0]
 [ 0  0  0 59  0  0  0]
 [ 0  0  0  0 56  0  0]
 [ 0  0  0  0  0 20  0]
 [ 0  0  0  0  0  0 19]]


