Metrics for 1 fold, test:
              precision    recall  f1-score   support

           0       0.87      0.93      0.90        14
           1       1.00      0.92      0.96        12
           2       1.00      0.92      0.96        13
           3       0.94      1.00      0.97        15
           4       0.86      0.86      0.86        14
           5       0.90      0.90      0.90        10
           6       1.00      1.00      1.00         6
           7       0.90      1.00      0.95         9
           8       1.00      0.90      0.95        10
           9       0.91      0.91      0.91        11
          10       1.00      1.00      1.00         5
          11       0.80      1.00      0.89         4
          12       1.00      1.00      1.00         5
          13       1.00      0.75      0.86         4

    accuracy                           0.93       132
   macro avg       0.94      0.93      0.93       132
weighted avg       0.94      0.93      0.93       132


Confusion matrix:
[[13  0  0  1  0  0  0  0  0  0  0  0  0  0]
 [ 0 11  0  0  1  0  0  0  0  0  0  0  0  0]
 [ 0  0 12  0  1  0  0  0  0  0  0  0  0  0]
 [ 0  0  0 15  0  0  0  0  0  0  0  0  0  0]
 [ 2  0  0  0 12  0  0  0  0  0  0  0  0  0]
 [ 0  0  0  0  0  9  0  0  0  1  0  0  0  0]
 [ 0  0  0  0  0  0  6  0  0  0  0  0  0  0]
 [ 0  0  0  0  0  0  0  9  0  0  0  0  0  0]
 [ 0  0  0  0  0  0  0  1  9  0  0  0  0  0]
 [ 0  0  0  0  0  1  0  0  0 10  0  0  0  0]
 [ 0  0  0  0  0  0  0  0  0  0  5  0  0  0]
 [ 0  0  0  0  0  0  0  0  0  0  0  4  0  0]
 [ 0  0  0  0  0  0  0  0  0  0  0  0  5  0]
 [ 0  0  0  0  0  0  0  0  0  0  0  1  0  3]]


Metrics for 1 fold, train:
              precision    recall  f1-score   support

           0       1.00      1.00      1.00        59
           1       1.00      1.00      1.00        50
           2       1.00      1.00      1.00        49
           3       1.00      1.00      1.00        59
           4       1.00      1.00      1.00        55
           5       1.00      1.00      1.00        41
           6       1.00      1.00      1.00        24
           7       1.00      1.00      1.00        39
           8       1.00      1.00      1.00        37
           9       1.00      1.00      1.00        42
          10       1.00      1.00      1.00        20
          11       1.00      1.00      1.00        17
          12       1.00      1.00      1.00        18
          13       1.00      1.00      1.00        16

    accuracy                           1.00       526
   macro avg       1.00      1.00      1.00       526
weighted avg       1.00      1.00      1.00       526


Confusion matrix:
[[59  0  0  0  0  0  0  0  0  0  0  0  0  0]
 [ 0 50  0  0  0  0  0  0  0  0  0  0  0  0]
 [ 0  0 49  0  0  0  0  0  0  0  0  0  0  0]
 [ 0  0  0 59  0  0  0  0  0  0  0  0  0  0]
 [ 0  0  0  0 55  0  0  0  0  0  0  0  0  0]
 [ 0  0  0  0  0 41  0  0  0  0  0  0  0  0]
 [ 0  0  0  0  0  0 24  0  0  0  0  0  0  0]
 [ 0  0  0  0  0  0  0 39  0  0  0  0  0  0]
 [ 0  0  0  0  0  0  0  0 37  0  0  0  0  0]
 [ 0  0  0  0  0  0  0  0  0 42  0  0  0  0]
 [ 0  0  0  0  0  0  0  0  0  0 20  0  0  0]
 [ 0  0  0  0  0  0  0  0  0  0  0 17  0  0]
 [ 0  0  0  0  0  0  0  0  0  0  0  0 18  0]
 [ 0  0  0  0  0  0  0  0  0  0  0  0  0 16]]


Metrics for 2 fold, test:
              precision    recall  f1-score   support

           0       1.00      1.00      1.00        14
           1       1.00      1.00      1.00        12
           2       0.86      0.92      0.89        13
           3       0.87      0.87      0.87        15
           4       0.92      0.86      0.89        14
           5       0.82      0.90      0.86        10
           6       1.00      1.00      1.00         6
           7       0.89      0.80      0.84        10
           8       0.55      0.67      0.60         9
           9       0.67      0.55      0.60        11
          10       1.00      1.00      1.00         5
          11       1.00      1.00      1.00         4
          12       1.00      1.00      1.00         5
          13       1.00      1.00      1.00         4

    accuracy                           0.88       132
   macro avg       0.90      0.90      0.90       132
weighted avg       0.88      0.88      0.88       132


Confusion matrix:
[[14  0  0  0  0  0  0  0  0  0  0  0  0  0]
 [ 0 12  0  0  0  0  0  0  0  0  0  0  0  0]
 [ 0  0 12  0  1  0  0  0  0  0  0  0  0  0]
 [ 0  0  2 13  0  0  0  0  0  0  0  0  0  0]
 [ 0  0  0  2 12  0  0  0  0  0  0  0  0  0]
 [ 0  0  0  0  0  9  0  0  0  1  0  0  0  0]
 [ 0  0  0  0  0  0  6  0  0  0  0  0  0  0]
 [ 0  0  0  0  0  0  0  8  2  0  0  0  0  0]
 [ 0  0  0  0  0  1  0  0  6  2  0  0  0  0]
 [ 0  0  0  0  0  1  0  1  3  6  0  0  0  0]
 [ 0  0  0  0  0  0  0  0  0  0  5  0  0  0]
 [ 0  0  0  0  0  0  0  0  0  0  0  4  0  0]
 [ 0  0  0  0  0  0  0  0  0  0  0  0  5  0]
 [ 0  0  0  0  0  0  0  0  0  0  0  0  0  4]]


Metrics for 2 fold, train:
              precision    recall  f1-score   support

           0       1.00      1.00      1.00        59
           1       1.00      1.00      1.00        50
           2       1.00      1.00      1.00        49
           3       1.00      1.00      1.00        59
           4       1.00      1.00      1.00        55
           5       1.00      1.00      1.00        41
           6       1.00      1.00      1.00        24
           7       1.00      1.00      1.00        38
           8       1.00      1.00      1.00        38
           9       1.00      1.00      1.00        42
          10       1.00      1.00      1.00        20
          11       1.00      1.00      1.00        17
          12       1.00      1.00      1.00        18
          13       1.00      1.00      1.00        16

    accuracy                           1.00       526
   macro avg       1.00      1.00      1.00       526
weighted avg       1.00      1.00      1.00       526


Confusion matrix:
[[59  0  0  0  0  0  0  0  0  0  0  0  0  0]
 [ 0 50  0  0  0  0  0  0  0  0  0  0  0  0]
 [ 0  0 49  0  0  0  0  0  0  0  0  0  0  0]
 [ 0  0  0 59  0  0  0  0  0  0  0  0  0  0]
 [ 0  0  0  0 55  0  0  0  0  0  0  0  0  0]
 [ 0  0  0  0  0 41  0  0  0  0  0  0  0  0]
 [ 0  0  0  0  0  0 24  0  0  0  0  0  0  0]
 [ 0  0  0  0  0  0  0 38  0  0  0  0  0  0]
 [ 0  0  0  0  0  0  0  0 38  0  0  0  0  0]
 [ 0  0  0  0  0  0  0  0  0 42  0  0  0  0]
 [ 0  0  0  0  0  0  0  0  0  0 20  0  0  0]
 [ 0  0  0  0  0  0  0  0  0  0  0 17  0  0]
 [ 0  0  0  0  0  0  0  0  0  0  0  0 18  0]
 [ 0  0  0  0  0  0  0  0  0  0  0  0  0 16]]


Metrics for 3 fold, test:
              precision    recall  f1-score   support

           0       0.80      0.80      0.80        15
           1       1.00      0.85      0.92        13
           2       0.91      0.83      0.87        12
           3       0.88      1.00      0.93        14
           4       0.71      0.77      0.74        13
           5       0.83      0.91      0.87        11
           6       1.00      1.00      1.00         6
           7       1.00      0.80      0.89        10
           8       0.80      0.89      0.84         9
           9       0.80      0.80      0.80        10
          10       1.00      0.80      0.89         5
          11       1.00      1.00      1.00         5
          12       0.83      1.00      0.91         5
          13       1.00      1.00      1.00         4

    accuracy                           0.87       132
   macro avg       0.90      0.89      0.89       132
weighted avg       0.88      0.87      0.87       132


Confusion matrix:
[[12  0  0  0  3  0  0  0  0  0  0  0  0  0]
 [ 0 11  1  0  1  0  0  0  0  0  0  0  0  0]
 [ 0  0 10  2  0  0  0  0  0  0  0  0  0  0]
 [ 0  0  0 14  0  0  0  0  0  0  0  0  0  0]
 [ 3  0  0  0 10  0  0  0  0  0  0  0  0  0]
 [ 0  0  0  0  0 10  0  0  1  0  0  0  0  0]
 [ 0  0  0  0  0  0  6  0  0  0  0  0  0  0]
 [ 0  0  0  0  0  0  0  8  1  1  0  0  0  0]
 [ 0  0  0  0  0  0  0  0  8  1  0  0  0  0]
 [ 0  0  0  0  0  2  0  0  0  8  0  0  0  0]
 [ 0  0  0  0  0  0  0  0  0  0  4  0  1  0]
 [ 0  0  0  0  0  0  0  0  0  0  0  5  0  0]
 [ 0  0  0  0  0  0  0  0  0  0  0  0  5  0]
 [ 0  0  0  0  0  0  0  0  0  0  0  0  0  4]]


Metrics for 3 fold, train:
              precision    recall  f1-score   support

           0       1.00      1.00      1.00        58
           1       1.00      1.00      1.00        49
           2       1.00      1.00      1.00        50
           3       1.00      1.00      1.00        60
           4       1.00      1.00      1.00        56
           5       1.00      1.00      1.00        40
           6       1.00      1.00      1.00        24
           7       1.00      1.00      1.00        38
           8       1.00      1.00      1.00        38
           9       1.00      1.00      1.00        43
          10       1.00      1.00      1.00        20
          11       1.00      1.00      1.00        16
          12       1.00      1.00      1.00        18
          13       1.00      1.00      1.00        16

    accuracy                           1.00       526
   macro avg       1.00      1.00      1.00       526
weighted avg       1.00      1.00      1.00       526


Confusion matrix:
[[58  0  0  0  0  0  0  0  0  0  0  0  0  0]
 [ 0 49  0  0  0  0  0  0  0  0  0  0  0  0]
 [ 0  0 50  0  0  0  0  0  0  0  0  0  0  0]
 [ 0  0  0 60  0  0  0  0  0  0  0  0  0  0]
 [ 0  0  0  0 56  0  0  0  0  0  0  0  0  0]
 [ 0  0  0  0  0 40  0  0  0  0  0  0  0  0]
 [ 0  0  0  0  0  0 24  0  0  0  0  0  0  0]
 [ 0  0  0  0  0  0  0 38  0  0  0  0  0  0]
 [ 0  0  0  0  0  0  0  0 38  0  0  0  0  0]
 [ 0  0  0  0  0  0  0  0  0 43  0  0  0  0]
 [ 0  0  0  0  0  0  0  0  0  0 20  0  0  0]
 [ 0  0  0  0  0  0  0  0  0  0  0 16  0  0]
 [ 0  0  0  0  0  0  0  0  0  0  0  0 18  0]
 [ 0  0  0  0  0  0  0  0  0  0  0  0  0 16]]


Metrics for 4 fold, test:
              precision    recall  f1-score   support

           0       0.88      1.00      0.94        15
           1       1.00      0.92      0.96        13
           2       0.90      0.75      0.82        12
           3       0.93      0.87      0.90        15
           4       0.88      1.00      0.93        14
           5       1.00      0.80      0.89        10
           6       1.00      1.00      1.00         6
           7       0.83      1.00      0.91        10
           8       0.88      0.78      0.82         9
           9       0.82      0.90      0.86        10
          10       0.67      0.80      0.73         5
          11       0.80      1.00      0.89         4
          12       0.67      0.50      0.57         4
          13       1.00      0.75      0.86         4

    accuracy                           0.89       131
   macro avg       0.87      0.86      0.86       131
weighted avg       0.89      0.89      0.88       131


Confusion matrix:
[[15  0  0  0  0  0  0  0  0  0  0  0  0  0]
 [ 0 12  1  0  0  0  0  0  0  0  0  0  0  0]
 [ 2  0  9  1  0  0  0  0  0  0  0  0  0  0]
 [ 0  0  0 13  2  0  0  0  0  0  0  0  0  0]
 [ 0  0  0  0 14  0  0  0  0  0  0  0  0  0]
 [ 0  0  0  0  0  8  0  0  1  1  0  0  0  0]
 [ 0  0  0  0  0  0  6  0  0  0  0  0  0  0]
 [ 0  0  0  0  0  0  0 10  0  0  0  0  0  0]
 [ 0  0  0  0  0  0  0  1  7  1  0  0  0  0]
 [ 0  0  0  0  0  0  0  1  0  9  0  0  0  0]
 [ 0  0  0  0  0  0  0  0  0  0  4  0  1  0]
 [ 0  0  0  0  0  0  0  0  0  0  0  4  0  0]
 [ 0  0  0  0  0  0  0  0  0  0  2  0  2  0]
 [ 0  0  0  0  0  0  0  0  0  0  0  1  0  3]]


Metrics for 4 fold, train:
              precision    recall  f1-score   support

           0       1.00      1.00      1.00        58
           1       1.00      1.00      1.00        49
           2       1.00      1.00      1.00        50
           3       1.00      1.00      1.00        59
           4       1.00      1.00      1.00        55
           5       1.00      1.00      1.00        41
           6       1.00      1.00      1.00        24
           7       1.00      1.00      1.00        38
           8       1.00      1.00      1.00        38
           9       1.00      1.00      1.00        43
          10       1.00      1.00      1.00        20
          11       1.00      1.00      1.00        17
          12       1.00      1.00      1.00        19
          13       1.00      1.00      1.00        16

    accuracy                           1.00       527
   macro avg       1.00      1.00      1.00       527
weighted avg       1.00      1.00      1.00       527


Confusion matrix:
[[58  0  0  0  0  0  0  0  0  0  0  0  0  0]
 [ 0 49  0  0  0  0  0  0  0  0  0  0  0  0]
 [ 0  0 50  0  0  0  0  0  0  0  0  0  0  0]
 [ 0  0  0 59  0  0  0  0  0  0  0  0  0  0]
 [ 0  0  0  0 55  0  0  0  0  0  0  0  0  0]
 [ 0  0  0  0  0 41  0  0  0  0  0  0  0  0]
 [ 0  0  0  0  0  0 24  0  0  0  0  0  0  0]
 [ 0  0  0  0  0  0  0 38  0  0  0  0  0  0]
 [ 0  0  0  0  0  0  0  0 38  0  0  0  0  0]
 [ 0  0  0  0  0  0  0  0  0 43  0  0  0  0]
 [ 0  0  0  0  0  0  0  0  0  0 20  0  0  0]
 [ 0  0  0  0  0  0  0  0  0  0  0 17  0  0]
 [ 0  0  0  0  0  0  0  0  0  0  0  0 19  0]
 [ 0  0  0  0  0  0  0  0  0  0  0  0  0 16]]


Metrics for 5 fold, test:
              precision    recall  f1-score   support

           0       0.94      1.00      0.97        15
           1       1.00      0.75      0.86        12
           2       0.73      0.67      0.70        12
           3       0.82      0.93      0.87        15
           4       0.87      0.93      0.90        14
           5       0.67      1.00      0.80        10
           6       1.00      1.00      1.00         6
           7       0.80      0.89      0.84         9
           8       1.00      0.80      0.89        10
           9       0.86      0.55      0.67        11
          10       1.00      1.00      1.00         5
          11       1.00      1.00      1.00         4
          12       1.00      1.00      1.00         4
          13       1.00      1.00      1.00         4

    accuracy                           0.87       131
   macro avg       0.91      0.89      0.89       131
weighted avg       0.88      0.87      0.87       131


Confusion matrix:
[[15  0  0  0  0  0  0  0  0  0  0  0  0  0]
 [ 0  9  2  0  1  0  0  0  0  0  0  0  0  0]
 [ 1  0  8  2  1  0  0  0  0  0  0  0  0  0]
 [ 0  0  1 14  0  0  0  0  0  0  0  0  0  0]
 [ 0  0  0  1 13  0  0  0  0  0  0  0  0  0]
 [ 0  0  0  0  0 10  0  0  0  0  0  0  0  0]
 [ 0  0  0  0  0  0  6  0  0  0  0  0  0  0]
 [ 0  0  0  0  0  0  0  8  0  1  0  0  0  0]
 [ 0  0  0  0  0  1  0  1  8  0  0  0  0  0]
 [ 0  0  0  0  0  4  0  1  0  6  0  0  0  0]
 [ 0  0  0  0  0  0  0  0  0  0  5  0  0  0]
 [ 0  0  0  0  0  0  0  0  0  0  0  4  0  0]
 [ 0  0  0  0  0  0  0  0  0  0  0  0  4  0]
 [ 0  0  0  0  0  0  0  0  0  0  0  0  0  4]]


Metrics for 5 fold, train:
              precision    recall  f1-score   support

           0       1.00      1.00      1.00        58
           1       1.00      1.00      1.00        50
           2       1.00      1.00      1.00        50
           3       1.00      1.00      1.00        59
           4       1.00      1.00      1.00        55
           5       1.00      1.00      1.00        41
           6       1.00      1.00      1.00        24
           7       1.00      1.00      1.00        39
           8       1.00      1.00      1.00        37
           9       1.00      1.00      1.00        42
          10       1.00      1.00      1.00        20
          11       1.00      1.00      1.00        17
          12       1.00      1.00      1.00        19
          13       1.00      1.00      1.00        16

    accuracy                           1.00       527
   macro avg       1.00      1.00      1.00       527
weighted avg       1.00      1.00      1.00       527


Confusion matrix:
[[58  0  0  0  0  0  0  0  0  0  0  0  0  0]
 [ 0 50  0  0  0  0  0  0  0  0  0  0  0  0]
 [ 0  0 50  0  0  0  0  0  0  0  0  0  0  0]
 [ 0  0  0 59  0  0  0  0  0  0  0  0  0  0]
 [ 0  0  0  0 55  0  0  0  0  0  0  0  0  0]
 [ 0  0  0  0  0 41  0  0  0  0  0  0  0  0]
 [ 0  0  0  0  0  0 24  0  0  0  0  0  0  0]
 [ 0  0  0  0  0  0  0 39  0  0  0  0  0  0]
 [ 0  0  0  0  0  0  0  0 37  0  0  0  0  0]
 [ 0  0  0  0  0  0  0  0  0 42  0  0  0  0]
 [ 0  0  0  0  0  0  0  0  0  0 20  0  0  0]
 [ 0  0  0  0  0  0  0  0  0  0  0 17  0  0]
 [ 0  0  0  0  0  0  0  0  0  0  0  0 19  0]
 [ 0  0  0  0  0  0  0  0  0  0  0  0  0 16]]


