Metrics for 1 fold, test:
              precision    recall  f1-score   support

           0       1.00      1.00      1.00        15
           1       1.00      0.92      0.96        13
           2       0.91      0.83      0.87        12
           3       0.82      0.93      0.87        15
           4       1.00      1.00      1.00        14
          10       1.00      0.80      0.89         5
          12       0.80      1.00      0.89         4

    accuracy                           0.94        78
   macro avg       0.93      0.93      0.93        78
weighted avg       0.94      0.94      0.94        78


Confusion matrix:
[[15  0  0  0  0  0  0]
 [ 0 12  0  1  0  0  0]
 [ 0  0 10  2  0  0  0]
 [ 0  0  1 14  0  0  0]
 [ 0  0  0  0 14  0  0]
 [ 0  0  0  0  0  4  1]
 [ 0  0  0  0  0  0  4]]


Metrics for 1 fold, train:
              precision    recall  f1-score   support

           0       1.00      1.00      1.00        58
           1       1.00      1.00      1.00        49
           2       1.00      1.00      1.00        50
           3       1.00      1.00      1.00        59
           4       1.00      1.00      1.00        55
          10       1.00      1.00      1.00        20
          12       1.00      1.00      1.00        19

    accuracy                           1.00       310
   macro avg       1.00      1.00      1.00       310
weighted avg       1.00      1.00      1.00       310


Confusion matrix:
[[58  0  0  0  0  0  0]
 [ 0 49  0  0  0  0  0]
 [ 0  0 50  0  0  0  0]
 [ 0  0  0 59  0  0  0]
 [ 0  0  0  0 55  0  0]
 [ 0  0  0  0  0 20  0]
 [ 0  0  0  0  0  0 19]]


Metrics for 2 fold, test:
              precision    recall  f1-score   support

           0       1.00      1.00      1.00        15
           1       1.00      1.00      1.00        13
           2       1.00      0.83      0.91        12
           3       0.88      1.00      0.94        15
           4       1.00      1.00      1.00        14
          10       1.00      0.80      0.89         5
          12       0.80      1.00      0.89         4

    accuracy                           0.96        78
   macro avg       0.95      0.95      0.95        78
weighted avg       0.97      0.96      0.96        78


Confusion matrix:
[[15  0  0  0  0  0  0]
 [ 0 13  0  0  0  0  0]
 [ 0  0 10  2  0  0  0]
 [ 0  0  0 15  0  0  0]
 [ 0  0  0  0 14  0  0]
 [ 0  0  0  0  0  4  1]
 [ 0  0  0  0  0  0  4]]


Metrics for 2 fold, train:
              precision    recall  f1-score   support

           0       1.00      1.00      1.00        58
           1       1.00      1.00      1.00        49
           2       1.00      1.00      1.00        50
           3       1.00      1.00      1.00        59
           4       1.00      1.00      1.00        55
          10       1.00      1.00      1.00        20
          12       1.00      1.00      1.00        19

    accuracy                           1.00       310
   macro avg       1.00      1.00      1.00       310
weighted avg       1.00      1.00      1.00       310


Confusion matrix:
[[58  0  0  0  0  0  0]
 [ 0 49  0  0  0  0  0]
 [ 0  0 50  0  0  0  0]
 [ 0  0  0 59  0  0  0]
 [ 0  0  0  0 55  0  0]
 [ 0  0  0  0  0 20  0]
 [ 0  0  0  0  0  0 19]]


Metrics for 3 fold, test:
              precision    recall  f1-score   support

           0       1.00      0.93      0.97        15
           1       0.92      1.00      0.96        12
           2       1.00      1.00      1.00        12
           3       0.93      0.93      0.93        15
           4       0.93      0.93      0.93        14
          10       1.00      1.00      1.00         5
          12       1.00      1.00      1.00         5

    accuracy                           0.96        78
   macro avg       0.97      0.97      0.97        78
weighted avg       0.96      0.96      0.96        78


Confusion matrix:
[[14  0  0  0  1  0  0]
 [ 0 12  0  0  0  0  0]
 [ 0  0 12  0  0  0  0]
 [ 0  1  0 14  0  0  0]
 [ 0  0  0  1 13  0  0]
 [ 0  0  0  0  0  5  0]
 [ 0  0  0  0  0  0  5]]


Metrics for 3 fold, train:
              precision    recall  f1-score   support

           0       1.00      1.00      1.00        58
           1       1.00      1.00      1.00        50
           2       1.00      1.00      1.00        50
           3       1.00      1.00      1.00        59
           4       1.00      1.00      1.00        55
          10       1.00      1.00      1.00        20
          12       1.00      1.00      1.00        18

    accuracy                           1.00       310
   macro avg       1.00      1.00      1.00       310
weighted avg       1.00      1.00      1.00       310


Confusion matrix:
[[58  0  0  0  0  0  0]
 [ 0 50  0  0  0  0  0]
 [ 0  0 50  0  0  0  0]
 [ 0  0  0 59  0  0  0]
 [ 0  0  0  0 55  0  0]
 [ 0  0  0  0  0 20  0]
 [ 0  0  0  0  0  0 18]]


Metrics for 4 fold, test:
              precision    recall  f1-score   support

           0       1.00      0.86      0.92        14
           1       0.86      1.00      0.92        12
           2       0.92      0.85      0.88        13
           3       0.82      0.93      0.87        15
           4       0.92      0.85      0.88        13
          10       1.00      1.00      1.00         5
          12       1.00      1.00      1.00         5

    accuracy                           0.91        77
   macro avg       0.93      0.93      0.93        77
weighted avg       0.92      0.91      0.91        77


Confusion matrix:
[[12  1  0  0  1  0  0]
 [ 0 12  0  0  0  0  0]
 [ 0  0 11  2  0  0  0]
 [ 0  1  0 14  0  0  0]
 [ 0  0  1  1 11  0  0]
 [ 0  0  0  0  0  5  0]
 [ 0  0  0  0  0  0  5]]


Metrics for 4 fold, train:
              precision    recall  f1-score   support

           0       1.00      1.00      1.00        59
           1       1.00      1.00      1.00        50
           2       1.00      1.00      1.00        49
           3       1.00      1.00      1.00        59
           4       1.00      1.00      1.00        56
          10       1.00      1.00      1.00        20
          12       1.00      1.00      1.00        18

    accuracy                           1.00       311
   macro avg       1.00      1.00      1.00       311
weighted avg       1.00      1.00      1.00       311


Confusion matrix:
[[59  0  0  0  0  0  0]
 [ 0 50  0  0  0  0  0]
 [ 0  0 49  0  0  0  0]
 [ 0  0  0 59  0  0  0]
 [ 0  0  0  0 56  0  0]
 [ 0  0  0  0  0 20  0]
 [ 0  0  0  0  0  0 18]]


Metrics for 5 fold, test:
              precision    recall  f1-score   support

           0       1.00      0.93      0.96        14
           1       0.92      1.00      0.96        12
           2       1.00      1.00      1.00        13
           3       1.00      0.93      0.96        14
           4       0.93      1.00      0.97        14
          10       1.00      1.00      1.00         5
          12       1.00      1.00      1.00         5

    accuracy                           0.97        77
   macro avg       0.98      0.98      0.98        77
weighted avg       0.98      0.97      0.97        77


Confusion matrix:
[[13  0  0  0  1  0  0]
 [ 0 12  0  0  0  0  0]
 [ 0  0 13  0  0  0  0]
 [ 0  1  0 13  0  0  0]
 [ 0  0  0  0 14  0  0]
 [ 0  0  0  0  0  5  0]
 [ 0  0  0  0  0  0  5]]


Metrics for 5 fold, train:
              precision    recall  f1-score   support

           0       1.00      1.00      1.00        59
           1       1.00      1.00      1.00        50
           2       1.00      1.00      1.00        49
           3       1.00      1.00      1.00        60
           4       1.00      1.00      1.00        55
          10       1.00      1.00      1.00        20
          12       1.00      1.00      1.00        18

    accuracy                           1.00       311
   macro avg       1.00      1.00      1.00       311
weighted avg       1.00      1.00      1.00       311


Confusion matrix:
[[59  0  0  0  0  0  0]
 [ 0 50  0  0  0  0  0]
 [ 0  0 49  0  0  0  0]
 [ 0  0  0 60  0  0  0]
 [ 0  0  0  0 55  0  0]
 [ 0  0  0  0  0 20  0]
 [ 0  0  0  0  0  0 18]]


