Metrics for 1 fold, test:
              precision    recall  f1-score   support

           5       1.00      1.00      1.00        11
           6       1.00      1.00      1.00         6
           7       1.00      1.00      1.00         9
           8       0.90      0.90      0.90        10
           9       0.90      0.90      0.90        10
          11       1.00      1.00      1.00         4
          13       1.00      1.00      1.00         4

    accuracy                           0.96        54
   macro avg       0.97      0.97      0.97        54
weighted avg       0.96      0.96      0.96        54


Confusion matrix:
[[11  0  0  0  0  0  0]
 [ 0  6  0  0  0  0  0]
 [ 0  0  9  0  0  0  0]
 [ 0  0  0  9  1  0  0]
 [ 0  0  0  1  9  0  0]
 [ 0  0  0  0  0  4  0]
 [ 0  0  0  0  0  0  4]]


Metrics for 1 fold, train:
              precision    recall  f1-score   support

           5       1.00      1.00      1.00        40
           6       1.00      1.00      1.00        24
           7       1.00      1.00      1.00        39
           8       1.00      1.00      1.00        37
           9       1.00      1.00      1.00        43
          11       1.00      1.00      1.00        17
          13       1.00      1.00      1.00        16

    accuracy                           1.00       216
   macro avg       1.00      1.00      1.00       216
weighted avg       1.00      1.00      1.00       216


Confusion matrix:
[[40  0  0  0  0  0  0]
 [ 0 24  0  0  0  0  0]
 [ 0  0 39  0  0  0  0]
 [ 0  0  0 37  0  0  0]
 [ 0  0  0  0 43  0  0]
 [ 0  0  0  0  0 17  0]
 [ 0  0  0  0  0  0 16]]


Metrics for 2 fold, test:
              precision    recall  f1-score   support

           5       0.91      1.00      0.95        10
           6       1.00      1.00      1.00         6
           7       1.00      1.00      1.00         9
           8       0.91      1.00      0.95        10
           9       1.00      0.80      0.89        10
          11       1.00      1.00      1.00         5
          13       1.00      1.00      1.00         4

    accuracy                           0.96        54
   macro avg       0.97      0.97      0.97        54
weighted avg       0.97      0.96      0.96        54


Confusion matrix:
[[10  0  0  0  0  0  0]
 [ 0  6  0  0  0  0  0]
 [ 0  0  9  0  0  0  0]
 [ 0  0  0 10  0  0  0]
 [ 1  0  0  1  8  0  0]
 [ 0  0  0  0  0  5  0]
 [ 0  0  0  0  0  0  4]]


Metrics for 2 fold, train:
              precision    recall  f1-score   support

           5       1.00      1.00      1.00        41
           6       1.00      1.00      1.00        24
           7       1.00      1.00      1.00        39
           8       1.00      1.00      1.00        37
           9       1.00      1.00      1.00        43
          11       1.00      1.00      1.00        16
          13       1.00      1.00      1.00        16

    accuracy                           1.00       216
   macro avg       1.00      1.00      1.00       216
weighted avg       1.00      1.00      1.00       216


Confusion matrix:
[[41  0  0  0  0  0  0]
 [ 0 24  0  0  0  0  0]
 [ 0  0 39  0  0  0  0]
 [ 0  0  0 37  0  0  0]
 [ 0  0  0  0 43  0  0]
 [ 0  0  0  0  0 16  0]
 [ 0  0  0  0  0  0 16]]


Metrics for 3 fold, test:
              precision    recall  f1-score   support

           5       0.90      0.90      0.90        10
           6       1.00      1.00      1.00         6
           7       1.00      1.00      1.00        10
           8       1.00      1.00      1.00         9
           9       0.91      0.91      0.91        11
          11       1.00      1.00      1.00         4
          13       1.00      1.00      1.00         4

    accuracy                           0.96        54
   macro avg       0.97      0.97      0.97        54
weighted avg       0.96      0.96      0.96        54


Confusion matrix:
[[ 9  0  0  0  1  0  0]
 [ 0  6  0  0  0  0  0]
 [ 0  0 10  0  0  0  0]
 [ 0  0  0  9  0  0  0]
 [ 1  0  0  0 10  0  0]
 [ 0  0  0  0  0  4  0]
 [ 0  0  0  0  0  0  4]]


Metrics for 3 fold, train:
              precision    recall  f1-score   support

           5       1.00      1.00      1.00        41
           6       1.00      1.00      1.00        24
           7       1.00      1.00      1.00        38
           8       1.00      1.00      1.00        38
           9       1.00      1.00      1.00        42
          11       1.00      1.00      1.00        17
          13       1.00      1.00      1.00        16

    accuracy                           1.00       216
   macro avg       1.00      1.00      1.00       216
weighted avg       1.00      1.00      1.00       216


Confusion matrix:
[[41  0  0  0  0  0  0]
 [ 0 24  0  0  0  0  0]
 [ 0  0 38  0  0  0  0]
 [ 0  0  0 38  0  0  0]
 [ 0  0  0  0 42  0  0]
 [ 0  0  0  0  0 17  0]
 [ 0  0  0  0  0  0 16]]


Metrics for 4 fold, test:
              precision    recall  f1-score   support

           5       0.75      0.90      0.82        10
           6       1.00      1.00      1.00         6
           7       1.00      1.00      1.00        10
           8       0.90      1.00      0.95         9
           9       1.00      0.73      0.84        11
          11       1.00      1.00      1.00         4
          13       1.00      1.00      1.00         4

    accuracy                           0.93        54
   macro avg       0.95      0.95      0.94        54
weighted avg       0.94      0.93      0.93        54


Confusion matrix:
[[ 9  0  0  1  0  0  0]
 [ 0  6  0  0  0  0  0]
 [ 0  0 10  0  0  0  0]
 [ 0  0  0  9  0  0  0]
 [ 3  0  0  0  8  0  0]
 [ 0  0  0  0  0  4  0]
 [ 0  0  0  0  0  0  4]]


Metrics for 4 fold, train:
              precision    recall  f1-score   support

           5       1.00      1.00      1.00        41
           6       1.00      1.00      1.00        24
           7       1.00      1.00      1.00        38
           8       1.00      1.00      1.00        38
           9       1.00      1.00      1.00        42
          11       1.00      1.00      1.00        17
          13       1.00      1.00      1.00        16

    accuracy                           1.00       216
   macro avg       1.00      1.00      1.00       216
weighted avg       1.00      1.00      1.00       216


Confusion matrix:
[[41  0  0  0  0  0  0]
 [ 0 24  0  0  0  0  0]
 [ 0  0 38  0  0  0  0]
 [ 0  0  0 38  0  0  0]
 [ 0  0  0  0 42  0  0]
 [ 0  0  0  0  0 17  0]
 [ 0  0  0  0  0  0 16]]


Metrics for 5 fold, test:
              precision    recall  f1-score   support

           5       0.82      0.90      0.86        10
           6       1.00      1.00      1.00         6
           7       1.00      0.90      0.95        10
           8       0.82      1.00      0.90         9
           9       0.89      0.73      0.80        11
          11       1.00      1.00      1.00         4
          13       1.00      1.00      1.00         4

    accuracy                           0.91        54
   macro avg       0.93      0.93      0.93        54
weighted avg       0.91      0.91      0.91        54


Confusion matrix:
[[9 0 0 0 1 0 0]
 [0 6 0 0 0 0 0]
 [0 0 9 1 0 0 0]
 [0 0 0 9 0 0 0]
 [2 0 0 1 8 0 0]
 [0 0 0 0 0 4 0]
 [0 0 0 0 0 0 4]]


Metrics for 5 fold, train:
              precision    recall  f1-score   support

           5       1.00      1.00      1.00        41
           6       1.00      1.00      1.00        24
           7       1.00      1.00      1.00        38
           8       1.00      1.00      1.00        38
           9       1.00      1.00      1.00        42
          11       1.00      1.00      1.00        17
          13       1.00      1.00      1.00        16

    accuracy                           1.00       216
   macro avg       1.00      1.00      1.00       216
weighted avg       1.00      1.00      1.00       216


Confusion matrix:
[[41  0  0  0  0  0  0]
 [ 0 24  0  0  0  0  0]
 [ 0  0 38  0  0  0  0]
 [ 0  0  0 38  0  0  0]
 [ 0  0  0  0 42  0  0]
 [ 0  0  0  0  0 17  0]
 [ 0  0  0  0  0  0 16]]


