Metrics for 1 fold, test:
              precision    recall  f1-score   support

           0       1.00      1.00      1.00        15
           1       1.00      0.77      0.87        13
           2       0.92      1.00      0.96        12
           3       0.94      1.00      0.97        15
           4       0.87      0.93      0.90        14
           5       0.78      0.70      0.74        10
           6       0.75      1.00      0.86         6
           7       0.73      0.80      0.76        10
           8       0.58      0.78      0.67         9
           9       0.88      0.64      0.74        11
          10       1.00      0.40      0.57         5
          11       1.00      1.00      1.00         4
          12       0.80      1.00      0.89         4
          13       1.00      1.00      1.00         4

    accuracy                           0.86       132
   macro avg       0.87      0.86      0.85       132
weighted avg       0.88      0.86      0.86       132


Confusion matrix:
[[15  0  0  0  0  0  0  0  0  0  0  0  0  0]
 [ 0 10  1  0  2  0  0  0  0  0  0  0  0  0]
 [ 0  0 12  0  0  0  0  0  0  0  0  0  0  0]
 [ 0  0  0 15  0  0  0  0  0  0  0  0  0  0]
 [ 0  0  0  1 13  0  0  0  0  0  0  0  0  0]
 [ 0  0  0  0  0  7  1  0  2  0  0  0  0  0]
 [ 0  0  0  0  0  0  6  0  0  0  0  0  0  0]
 [ 0  0  0  0  0  0  0  8  2  0  0  0  0  0]
 [ 0  0  0  0  0  0  0  1  7  1  0  0  0  0]
 [ 0  0  0  0  0  1  0  2  1  7  0  0  0  0]
 [ 0  0  0  0  0  1  1  0  0  0  2  0  1  0]
 [ 0  0  0  0  0  0  0  0  0  0  0  4  0  0]
 [ 0  0  0  0  0  0  0  0  0  0  0  0  4  0]
 [ 0  0  0  0  0  0  0  0  0  0  0  0  0  4]]


Metrics for 1 fold, train:
              precision    recall  f1-score   support

           0       1.00      1.00      1.00        58
           1       1.00      1.00      1.00        49
           2       1.00      1.00      1.00        50
           3       1.00      1.00      1.00        59
           4       1.00      1.00      1.00        55
           5       1.00      1.00      1.00        41
           6       1.00      1.00      1.00        24
           7       1.00      1.00      1.00        38
           8       1.00      1.00      1.00        38
           9       1.00      1.00      1.00        42
          10       1.00      1.00      1.00        20
          11       1.00      1.00      1.00        17
          12       1.00      1.00      1.00        19
          13       1.00      1.00      1.00        16

    accuracy                           1.00       526
   macro avg       1.00      1.00      1.00       526
weighted avg       1.00      1.00      1.00       526


Confusion matrix:
[[58  0  0  0  0  0  0  0  0  0  0  0  0  0]
 [ 0 49  0  0  0  0  0  0  0  0  0  0  0  0]
 [ 0  0 50  0  0  0  0  0  0  0  0  0  0  0]
 [ 0  0  0 59  0  0  0  0  0  0  0  0  0  0]
 [ 0  0  0  0 55  0  0  0  0  0  0  0  0  0]
 [ 0  0  0  0  0 41  0  0  0  0  0  0  0  0]
 [ 0  0  0  0  0  0 24  0  0  0  0  0  0  0]
 [ 0  0  0  0  0  0  0 38  0  0  0  0  0  0]
 [ 0  0  0  0  0  0  0  0 38  0  0  0  0  0]
 [ 0  0  0  0  0  0  0  0  0 42  0  0  0  0]
 [ 0  0  0  0  0  0  0  0  0  0 20  0  0  0]
 [ 0  0  0  0  0  0  0  0  0  0  0 17  0  0]
 [ 0  0  0  0  0  0  0  0  0  0  0  0 19  0]
 [ 0  0  0  0  0  0  0  0  0  0  0  0  0 16]]


Metrics for 2 fold, test:
              precision    recall  f1-score   support

           0       0.94      1.00      0.97        15
           1       1.00      1.00      1.00        13
           2       0.85      0.92      0.88        12
           3       0.92      0.80      0.86        15
           4       0.92      0.92      0.92        13
           5       0.78      0.70      0.74        10
           6       0.83      0.83      0.83         6
           7       0.91      1.00      0.95        10
           8       0.86      0.60      0.71        10
           9       0.62      0.73      0.67        11
          10       0.80      0.80      0.80         5
          11       1.00      0.75      0.86         4
          12       0.80      1.00      0.89         4
          13       0.80      1.00      0.89         4

    accuracy                           0.86       132
   macro avg       0.86      0.86      0.85       132
weighted avg       0.87      0.86      0.86       132


Confusion matrix:
[[15  0  0  0  0  0  0  0  0  0  0  0  0  0]
 [ 0 13  0  0  0  0  0  0  0  0  0  0  0  0]
 [ 0  0 11  1  0  0  0  0  0  0  0  0  0  0]
 [ 0  0  2 12  1  0  0  0  0  0  0  0  0  0]
 [ 1  0  0  0 12  0  0  0  0  0  0  0  0  0]
 [ 0  0  0  0  0  7  1  0  1  1  0  0  0  0]
 [ 0  0  0  0  0  0  5  0  0  0  1  0  0  0]
 [ 0  0  0  0  0  0  0 10  0  0  0  0  0  0]
 [ 0  0  0  0  0  0  0  0  6  4  0  0  0  0]
 [ 0  0  0  0  0  2  0  1  0  8  0  0  0  0]
 [ 0  0  0  0  0  0  0  0  0  0  4  0  1  0]
 [ 0  0  0  0  0  0  0  0  0  0  0  3  0  1]
 [ 0  0  0  0  0  0  0  0  0  0  0  0  4  0]
 [ 0  0  0  0  0  0  0  0  0  0  0  0  0  4]]


Metrics for 2 fold, train:
              precision    recall  f1-score   support

           0       1.00      1.00      1.00        58
           1       1.00      1.00      1.00        49
           2       1.00      1.00      1.00        50
           3       1.00      1.00      1.00        59
           4       1.00      1.00      1.00        56
           5       1.00      1.00      1.00        41
           6       1.00      1.00      1.00        24
           7       1.00      1.00      1.00        38
           8       1.00      1.00      1.00        37
           9       1.00      1.00      1.00        42
          10       1.00      1.00      1.00        20
          11       1.00      1.00      1.00        17
          12       1.00      1.00      1.00        19
          13       1.00      1.00      1.00        16

    accuracy                           1.00       526
   macro avg       1.00      1.00      1.00       526
weighted avg       1.00      1.00      1.00       526


Confusion matrix:
[[58  0  0  0  0  0  0  0  0  0  0  0  0  0]
 [ 0 49  0  0  0  0  0  0  0  0  0  0  0  0]
 [ 0  0 50  0  0  0  0  0  0  0  0  0  0  0]
 [ 0  0  0 59  0  0  0  0  0  0  0  0  0  0]
 [ 0  0  0  0 56  0  0  0  0  0  0  0  0  0]
 [ 0  0  0  0  0 41  0  0  0  0  0  0  0  0]
 [ 0  0  0  0  0  0 24  0  0  0  0  0  0  0]
 [ 0  0  0  0  0  0  0 38  0  0  0  0  0  0]
 [ 0  0  0  0  0  0  0  0 37  0  0  0  0  0]
 [ 0  0  0  0  0  0  0  0  0 42  0  0  0  0]
 [ 0  0  0  0  0  0  0  0  0  0 20  0  0  0]
 [ 0  0  0  0  0  0  0  0  0  0  0 17  0  0]
 [ 0  0  0  0  0  0  0  0  0  0  0  0 19  0]
 [ 0  0  0  0  0  0  0  0  0  0  0  0  0 16]]


Metrics for 3 fold, test:
              precision    recall  f1-score   support

           0       0.81      0.87      0.84        15
           1       1.00      0.83      0.91        12
           2       0.71      0.83      0.77        12
           3       0.86      0.86      0.86        14
           4       0.85      0.79      0.81        14
           5       0.62      0.80      0.70        10
           6       1.00      0.83      0.91         6
           7       1.00      0.90      0.95        10
           8       0.69      0.90      0.78        10
           9       0.86      0.55      0.67        11
          10       0.83      1.00      0.91         5
          11       1.00      1.00      1.00         4
          12       1.00      0.80      0.89         5
          13       1.00      1.00      1.00         4

    accuracy                           0.83       132
   macro avg       0.87      0.85      0.86       132
weighted avg       0.85      0.83      0.83       132


Confusion matrix:
[[13  0  2  0  0  0  0  0  0  0  0  0  0  0]
 [ 0 10  1  0  1  0  0  0  0  0  0  0  0  0]
 [ 1  0 10  1  0  0  0  0  0  0  0  0  0  0]
 [ 0  0  1 12  1  0  0  0  0  0  0  0  0  0]
 [ 2  0  0  1 11  0  0  0  0  0  0  0  0  0]
 [ 0  0  0  0  0  8  0  0  1  1  0  0  0  0]
 [ 0  0  0  0  0  1  5  0  0  0  0  0  0  0]
 [ 0  0  0  0  0  0  0  9  1  0  0  0  0  0]
 [ 0  0  0  0  0  1  0  0  9  0  0  0  0  0]
 [ 0  0  0  0  0  3  0  0  2  6  0  0  0  0]
 [ 0  0  0  0  0  0  0  0  0  0  5  0  0  0]
 [ 0  0  0  0  0  0  0  0  0  0  0  4  0  0]
 [ 0  0  0  0  0  0  0  0  0  0  1  0  4  0]
 [ 0  0  0  0  0  0  0  0  0  0  0  0  0  4]]


Metrics for 3 fold, train:
              precision    recall  f1-score   support

           0       1.00      1.00      1.00        58
           1       1.00      1.00      1.00        50
           2       1.00      1.00      1.00        50
           3       1.00      1.00      1.00        60
           4       1.00      1.00      1.00        55
           5       1.00      1.00      1.00        41
           6       1.00      1.00      1.00        24
           7       1.00      1.00      1.00        38
           8       1.00      1.00      1.00        37
           9       1.00      1.00      1.00        42
          10       1.00      1.00      1.00        20
          11       1.00      1.00      1.00        17
          12       1.00      1.00      1.00        18
          13       1.00      1.00      1.00        16

    accuracy                           1.00       526
   macro avg       1.00      1.00      1.00       526
weighted avg       1.00      1.00      1.00       526


Confusion matrix:
[[58  0  0  0  0  0  0  0  0  0  0  0  0  0]
 [ 0 50  0  0  0  0  0  0  0  0  0  0  0  0]
 [ 0  0 50  0  0  0  0  0  0  0  0  0  0  0]
 [ 0  0  0 60  0  0  0  0  0  0  0  0  0  0]
 [ 0  0  0  0 55  0  0  0  0  0  0  0  0  0]
 [ 0  0  0  0  0 41  0  0  0  0  0  0  0  0]
 [ 0  0  0  0  0  0 24  0  0  0  0  0  0  0]
 [ 0  0  0  0  0  0  0 38  0  0  0  0  0  0]
 [ 0  0  0  0  0  0  0  0 37  0  0  0  0  0]
 [ 0  0  0  0  0  0  0  0  0 42  0  0  0  0]
 [ 0  0  0  0  0  0  0  0  0  0 20  0  0  0]
 [ 0  0  0  0  0  0  0  0  0  0  0 17  0  0]
 [ 0  0  0  0  0  0  0  0  0  0  0  0 18  0]
 [ 0  0  0  0  0  0  0  0  0  0  0  0  0 16]]


Metrics for 4 fold, test:
              precision    recall  f1-score   support

           0       0.87      0.93      0.90        14
           1       1.00      0.92      0.96        12
           2       1.00      0.77      0.87        13
           3       0.78      0.93      0.85        15
           4       0.93      0.93      0.93        14
           5       0.73      0.80      0.76        10
           6       1.00      1.00      1.00         6
           7       0.64      0.78      0.70         9
           8       0.75      0.67      0.71         9
           9       0.78      0.70      0.74        10
          10       0.62      1.00      0.77         5
          11       1.00      0.60      0.75         5
          12       1.00      0.40      0.57         5
          13       0.60      0.75      0.67         4

    accuracy                           0.82       131
   macro avg       0.83      0.80      0.80       131
weighted avg       0.85      0.82      0.82       131


Confusion matrix:
[[13  0  0  1  0  0  0  0  0  0  0  0  0  0]
 [ 1 11  0  0  0  0  0  0  0  0  0  0  0  0]
 [ 0  0 10  3  0  0  0  0  0  0  0  0  0  0]
 [ 0  0  0 14  1  0  0  0  0  0  0  0  0  0]
 [ 1  0  0  0 13  0  0  0  0  0  0  0  0  0]
 [ 0  0  0  0  0  8  0  0  1  1  0  0  0  0]
 [ 0  0  0  0  0  0  6  0  0  0  0  0  0  0]
 [ 0  0  0  0  0  2  0  7  0  0  0  0  0  0]
 [ 0  0  0  0  0  1  0  1  6  1  0  0  0  0]
 [ 0  0  0  0  0  0  0  2  1  7  0  0  0  0]
 [ 0  0  0  0  0  0  0  0  0  0  5  0  0  0]
 [ 0  0  0  0  0  0  0  0  0  0  0  3  0  2]
 [ 0  0  0  0  0  0  0  0  0  0  3  0  2  0]
 [ 0  0  0  0  0  0  0  1  0  0  0  0  0  3]]


Metrics for 4 fold, train:
              precision    recall  f1-score   support

           0       1.00      1.00      1.00        59
           1       1.00      1.00      1.00        50
           2       1.00      1.00      1.00        49
           3       1.00      1.00      1.00        59
           4       1.00      1.00      1.00        55
           5       1.00      1.00      1.00        41
           6       1.00      1.00      1.00        24
           7       1.00      1.00      1.00        39
           8       1.00      1.00      1.00        38
           9       1.00      1.00      1.00        43
          10       1.00      1.00      1.00        20
          11       1.00      1.00      1.00        16
          12       1.00      1.00      1.00        18
          13       1.00      1.00      1.00        16

    accuracy                           1.00       527
   macro avg       1.00      1.00      1.00       527
weighted avg       1.00      1.00      1.00       527


Confusion matrix:
[[59  0  0  0  0  0  0  0  0  0  0  0  0  0]
 [ 0 50  0  0  0  0  0  0  0  0  0  0  0  0]
 [ 0  0 49  0  0  0  0  0  0  0  0  0  0  0]
 [ 0  0  0 59  0  0  0  0  0  0  0  0  0  0]
 [ 0  0  0  0 55  0  0  0  0  0  0  0  0  0]
 [ 0  0  0  0  0 41  0  0  0  0  0  0  0  0]
 [ 0  0  0  0  0  0 24  0  0  0  0  0  0  0]
 [ 0  0  0  0  0  0  0 39  0  0  0  0  0  0]
 [ 0  0  0  0  0  0  0  0 38  0  0  0  0  0]
 [ 0  0  0  0  0  0  0  0  0 43  0  0  0  0]
 [ 0  0  0  0  0  0  0  0  0  0 20  0  0  0]
 [ 0  0  0  0  0  0  0  0  0  0  0 16  0  0]
 [ 0  0  0  0  0  0  0  0  0  0  0  0 18  0]
 [ 0  0  0  0  0  0  0  0  0  0  0  0  0 16]]


Metrics for 5 fold, test:
              precision    recall  f1-score   support

           0       0.93      0.93      0.93        14
           1       0.92      1.00      0.96        12
           2       1.00      0.77      0.87        13
           3       0.88      0.93      0.90        15
           4       0.80      0.86      0.83        14
           5       0.62      0.73      0.67        11
           6       1.00      1.00      1.00         6
           7       0.89      0.89      0.89         9
           8       0.54      0.78      0.64         9
           9       0.60      0.30      0.40        10
          10       0.80      0.80      0.80         5
          11       0.80      1.00      0.89         4
          12       1.00      0.80      0.89         5
          13       1.00      0.75      0.86         4

    accuracy                           0.82       131
   macro avg       0.84      0.82      0.82       131
weighted avg       0.83      0.82      0.82       131


Confusion matrix:
[[13  0  0  0  1  0  0  0  0  0  0  0  0  0]
 [ 0 12  0  0  0  0  0  0  0  0  0  0  0  0]
 [ 0  1 10  1  1  0  0  0  0  0  0  0  0  0]
 [ 0  0  0 14  1  0  0  0  0  0  0  0  0  0]
 [ 1  0  0  1 12  0  0  0  0  0  0  0  0  0]
 [ 0  0  0  0  0  8  0  0  2  1  0  0  0  0]
 [ 0  0  0  0  0  0  6  0  0  0  0  0  0  0]
 [ 0  0  0  0  0  0  0  8  1  0  0  0  0  0]
 [ 0  0  0  0  0  1  0  0  7  1  0  0  0  0]
 [ 0  0  0  0  0  4  0  1  2  3  0  0  0  0]
 [ 0  0  0  0  0  0  0  0  1  0  4  0  0  0]
 [ 0  0  0  0  0  0  0  0  0  0  0  4  0  0]
 [ 0  0  0  0  0  0  0  0  0  0  1  0  4  0]
 [ 0  0  0  0  0  0  0  0  0  0  0  1  0  3]]


Metrics for 5 fold, train:
              precision    recall  f1-score   support

           0       1.00      1.00      1.00        59
           1       1.00      1.00      1.00        50
           2       1.00      1.00      1.00        49
           3       1.00      1.00      1.00        59
           4       1.00      1.00      1.00        55
           5       1.00      1.00      1.00        40
           6       1.00      1.00      1.00        24
           7       1.00      1.00      1.00        39
           8       1.00      1.00      1.00        38
           9       1.00      1.00      1.00        43
          10       1.00      1.00      1.00        20
          11       1.00      1.00      1.00        17
          12       1.00      1.00      1.00        18
          13       1.00      1.00      1.00        16

    accuracy                           1.00       527
   macro avg       1.00      1.00      1.00       527
weighted avg       1.00      1.00      1.00       527


Confusion matrix:
[[59  0  0  0  0  0  0  0  0  0  0  0  0  0]
 [ 0 50  0  0  0  0  0  0  0  0  0  0  0  0]
 [ 0  0 49  0  0  0  0  0  0  0  0  0  0  0]
 [ 0  0  0 59  0  0  0  0  0  0  0  0  0  0]
 [ 0  0  0  0 55  0  0  0  0  0  0  0  0  0]
 [ 0  0  0  0  0 40  0  0  0  0  0  0  0  0]
 [ 0  0  0  0  0  0 24  0  0  0  0  0  0  0]
 [ 0  0  0  0  0  0  0 39  0  0  0  0  0  0]
 [ 0  0  0  0  0  0  0  0 38  0  0  0  0  0]
 [ 0  0  0  0  0  0  0  0  0 43  0  0  0  0]
 [ 0  0  0  0  0  0  0  0  0  0 20  0  0  0]
 [ 0  0  0  0  0  0  0  0  0  0  0 17  0  0]
 [ 0  0  0  0  0  0  0  0  0  0  0  0 18  0]
 [ 0  0  0  0  0  0  0  0  0  0  0  0  0 16]]


