Metrics for 1 fold, test:
              precision    recall  f1-score   support

           0       0.93      1.00      0.97        14
           1       1.00      0.92      0.96        13
           2       0.93      1.00      0.96        13
           3       0.93      0.93      0.93        14
           4       1.00      0.93      0.96        14
          10       1.00      1.00      1.00         5
          11       1.00      1.00      1.00         5

    accuracy                           0.96        78
   macro avg       0.97      0.97      0.97        78
weighted avg       0.96      0.96      0.96        78


Confusion matrix:
[[14  0  0  0  0  0  0]
 [ 0 12  0  1  0  0  0]
 [ 0  0 13  0  0  0  0]
 [ 0  0  1 13  0  0  0]
 [ 1  0  0  0 13  0  0]
 [ 0  0  0  0  0  5  0]
 [ 0  0  0  0  0  0  5]]


Metrics for 1 fold, train:
              precision    recall  f1-score   support

           0       1.00      1.00      1.00        59
           1       1.00      1.00      1.00        49
           2       1.00      1.00      1.00        49
           3       1.00      1.00      1.00        60
           4       1.00      1.00      1.00        55
          10       1.00      1.00      1.00        20
          11       1.00      1.00      1.00        16

    accuracy                           1.00       308
   macro avg       1.00      1.00      1.00       308
weighted avg       1.00      1.00      1.00       308


Confusion matrix:
[[59  0  0  0  0  0  0]
 [ 0 49  0  0  0  0  0]
 [ 0  0 49  0  0  0  0]
 [ 0  0  0 60  0  0  0]
 [ 0  0  0  0 55  0  0]
 [ 0  0  0  0  0 20  0]
 [ 0  0  0  0  0  0 16]]


Metrics for 2 fold, test:
              precision    recall  f1-score   support

           0       0.93      0.93      0.93        15
           1       0.92      1.00      0.96        12
           2       0.92      0.92      0.92        12
           3       1.00      0.93      0.97        15
           4       0.86      0.86      0.86        14
          10       1.00      1.00      1.00         5
          11       1.00      1.00      1.00         4

    accuracy                           0.94        77
   macro avg       0.95      0.95      0.95        77
weighted avg       0.94      0.94      0.94        77


Confusion matrix:
[[14  0  0  0  1  0  0]
 [ 0 12  0  0  0  0  0]
 [ 0  0 11  0  1  0  0]
 [ 0  0  1 14  0  0  0]
 [ 1  1  0  0 12  0  0]
 [ 0  0  0  0  0  5  0]
 [ 0  0  0  0  0  0  4]]


Metrics for 2 fold, train:
              precision    recall  f1-score   support

           0       1.00      1.00      1.00        58
           1       1.00      1.00      1.00        50
           2       1.00      1.00      1.00        50
           3       1.00      1.00      1.00        59
           4       1.00      1.00      1.00        55
          10       1.00      1.00      1.00        20
          11       1.00      1.00      1.00        17

    accuracy                           1.00       309
   macro avg       1.00      1.00      1.00       309
weighted avg       1.00      1.00      1.00       309


Confusion matrix:
[[58  0  0  0  0  0  0]
 [ 0 50  0  0  0  0  0]
 [ 0  0 50  0  0  0  0]
 [ 0  0  0 59  0  0  0]
 [ 0  0  0  0 55  0  0]
 [ 0  0  0  0  0 20  0]
 [ 0  0  0  0  0  0 17]]


Metrics for 3 fold, test:
              precision    recall  f1-score   support

           0       1.00      0.93      0.97        15
           1       0.91      0.83      0.87        12
           2       0.83      0.83      0.83        12
           3       0.81      0.87      0.84        15
           4       0.87      0.93      0.90        14
          10       1.00      1.00      1.00         5
          11       1.00      1.00      1.00         4

    accuracy                           0.90        77
   macro avg       0.92      0.91      0.91        77
weighted avg       0.90      0.90      0.90        77


Confusion matrix:
[[14  0  0  0  1  0  0]
 [ 0 10  2  0  0  0  0]
 [ 0  0 10  2  0  0  0]
 [ 0  1  0 13  1  0  0]
 [ 0  0  0  1 13  0  0]
 [ 0  0  0  0  0  5  0]
 [ 0  0  0  0  0  0  4]]


Metrics for 3 fold, train:
              precision    recall  f1-score   support

           0       1.00      1.00      1.00        58
           1       1.00      1.00      1.00        50
           2       1.00      1.00      1.00        50
           3       1.00      1.00      1.00        59
           4       1.00      1.00      1.00        55
          10       1.00      1.00      1.00        20
          11       1.00      1.00      1.00        17

    accuracy                           1.00       309
   macro avg       1.00      1.00      1.00       309
weighted avg       1.00      1.00      1.00       309


Confusion matrix:
[[58  0  0  0  0  0  0]
 [ 0 50  0  0  0  0  0]
 [ 0  0 50  0  0  0  0]
 [ 0  0  0 59  0  0  0]
 [ 0  0  0  0 55  0  0]
 [ 0  0  0  0  0 20  0]
 [ 0  0  0  0  0  0 17]]


Metrics for 4 fold, test:
              precision    recall  f1-score   support

           0       0.87      0.87      0.87        15
           1       1.00      0.92      0.96        12
           2       0.86      1.00      0.92        12
           3       0.82      0.93      0.87        15
           4       1.00      0.79      0.88        14
          10       1.00      1.00      1.00         5
          11       1.00      1.00      1.00         4

    accuracy                           0.91        77
   macro avg       0.94      0.93      0.93        77
weighted avg       0.92      0.91      0.91        77


Confusion matrix:
[[13  0  1  1  0  0  0]
 [ 0 11  0  1  0  0  0]
 [ 0  0 12  0  0  0  0]
 [ 0  0  1 14  0  0  0]
 [ 2  0  0  1 11  0  0]
 [ 0  0  0  0  0  5  0]
 [ 0  0  0  0  0  0  4]]


Metrics for 4 fold, train:
              precision    recall  f1-score   support

           0       1.00      1.00      1.00        58
           1       1.00      1.00      1.00        50
           2       1.00      1.00      1.00        50
           3       1.00      1.00      1.00        59
           4       1.00      1.00      1.00        55
          10       1.00      1.00      1.00        20
          11       1.00      1.00      1.00        17

    accuracy                           1.00       309
   macro avg       1.00      1.00      1.00       309
weighted avg       1.00      1.00      1.00       309


Confusion matrix:
[[58  0  0  0  0  0  0]
 [ 0 50  0  0  0  0  0]
 [ 0  0 50  0  0  0  0]
 [ 0  0  0 59  0  0  0]
 [ 0  0  0  0 55  0  0]
 [ 0  0  0  0  0 20  0]
 [ 0  0  0  0  0  0 17]]


Metrics for 5 fold, test:
              precision    recall  f1-score   support

           0       0.78      1.00      0.88        14
           1       0.83      0.77      0.80        13
           2       0.85      0.85      0.85        13
           3       0.92      0.80      0.86        15
           4       0.83      0.77      0.80        13
          10       0.83      1.00      0.91         5
          11       1.00      0.75      0.86         4

    accuracy                           0.84        77
   macro avg       0.86      0.85      0.85        77
weighted avg       0.85      0.84      0.84        77


Confusion matrix:
[[14  0  0  0  0  0  0]
 [ 0 10  1  1  1  0  0]
 [ 0  2 11  0  0  0  0]
 [ 1  0  1 12  1  0  0]
 [ 3  0  0  0 10  0  0]
 [ 0  0  0  0  0  5  0]
 [ 0  0  0  0  0  1  3]]


Metrics for 5 fold, train:
              precision    recall  f1-score   support

           0       1.00      1.00      1.00        59
           1       1.00      1.00      1.00        49
           2       1.00      1.00      1.00        49
           3       1.00      1.00      1.00        59
           4       1.00      1.00      1.00        56
          10       1.00      1.00      1.00        20
          11       1.00      1.00      1.00        17

    accuracy                           1.00       309
   macro avg       1.00      1.00      1.00       309
weighted avg       1.00      1.00      1.00       309


Confusion matrix:
[[59  0  0  0  0  0  0]
 [ 0 49  0  0  0  0  0]
 [ 0  0 49  0  0  0  0]
 [ 0  0  0 59  0  0  0]
 [ 0  0  0  0 56  0  0]
 [ 0  0  0  0  0 20  0]
 [ 0  0  0  0  0  0 17]]


