Metrics for 1 fold, test:
              precision    recall  f1-score   support

           5       1.00      0.80      0.89        10
           6       1.00      1.00      1.00         6
           7       1.00      0.80      0.89        10
           8       0.80      0.80      0.80        10
           9       0.64      0.90      0.75        10
          12       1.00      1.00      1.00         5
          13       1.00      1.00      1.00         4

    accuracy                           0.87        55
   macro avg       0.92      0.90      0.90        55
weighted avg       0.90      0.87      0.88        55


Confusion matrix:
[[8 0 0 0 2 0 0]
 [0 6 0 0 0 0 0]
 [0 0 8 1 1 0 0]
 [0 0 0 8 2 0 0]
 [0 0 0 1 9 0 0]
 [0 0 0 0 0 5 0]
 [0 0 0 0 0 0 4]]


Metrics for 1 fold, train:
              precision    recall  f1-score   support

           5       1.00      1.00      1.00        41
           6       1.00      1.00      1.00        24
           7       1.00      1.00      1.00        38
           8       1.00      1.00      1.00        37
           9       1.00      1.00      1.00        43
          12       1.00      1.00      1.00        18
          13       1.00      1.00      1.00        16

    accuracy                           1.00       217
   macro avg       1.00      1.00      1.00       217
weighted avg       1.00      1.00      1.00       217


Confusion matrix:
[[41  0  0  0  0  0  0]
 [ 0 24  0  0  0  0  0]
 [ 0  0 38  0  0  0  0]
 [ 0  0  0 37  0  0  0]
 [ 0  0  0  0 43  0  0]
 [ 0  0  0  0  0 18  0]
 [ 0  0  0  0  0  0 16]]


Metrics for 2 fold, test:
              precision    recall  f1-score   support

           5       0.75      0.60      0.67        10
           6       1.00      1.00      1.00         6
           7       0.80      0.80      0.80        10
           8       0.58      0.70      0.64        10
           9       0.60      0.60      0.60        10
          12       1.00      1.00      1.00         5
          13       1.00      1.00      1.00         4

    accuracy                           0.76        55
   macro avg       0.82      0.81      0.81        55
weighted avg       0.77      0.76      0.76        55


Confusion matrix:
[[6 0 0 2 2 0 0]
 [0 6 0 0 0 0 0]
 [2 0 8 0 0 0 0]
 [0 0 1 7 2 0 0]
 [0 0 1 3 6 0 0]
 [0 0 0 0 0 5 0]
 [0 0 0 0 0 0 4]]


Metrics for 2 fold, train:
              precision    recall  f1-score   support

           5       1.00      1.00      1.00        41
           6       1.00      1.00      1.00        24
           7       1.00      1.00      1.00        38
           8       1.00      1.00      1.00        37
           9       1.00      1.00      1.00        43
          12       1.00      1.00      1.00        18
          13       1.00      1.00      1.00        16

    accuracy                           1.00       217
   macro avg       1.00      1.00      1.00       217
weighted avg       1.00      1.00      1.00       217


Confusion matrix:
[[41  0  0  0  0  0  0]
 [ 0 24  0  0  0  0  0]
 [ 0  0 38  0  0  0  0]
 [ 0  0  0 37  0  0  0]
 [ 0  0  0  0 43  0  0]
 [ 0  0  0  0  0 18  0]
 [ 0  0  0  0  0  0 16]]


Metrics for 3 fold, test:
              precision    recall  f1-score   support

           5       0.64      0.90      0.75        10
           6       1.00      1.00      1.00         6
           7       1.00      0.70      0.82        10
           8       0.67      0.44      0.53         9
           9       0.69      0.82      0.75        11
          12       1.00      1.00      1.00         4
          13       1.00      1.00      1.00         4

    accuracy                           0.80        54
   macro avg       0.86      0.84      0.84        54
weighted avg       0.82      0.80      0.79        54


Confusion matrix:
[[9 0 0 1 0 0 0]
 [0 6 0 0 0 0 0]
 [1 0 7 1 1 0 0]
 [2 0 0 4 3 0 0]
 [2 0 0 0 9 0 0]
 [0 0 0 0 0 4 0]
 [0 0 0 0 0 0 4]]


Metrics for 3 fold, train:
              precision    recall  f1-score   support

           5       1.00      1.00      1.00        41
           6       1.00      1.00      1.00        24
           7       1.00      1.00      1.00        38
           8       1.00      1.00      1.00        38
           9       1.00      1.00      1.00        42
          12       1.00      1.00      1.00        19
          13       1.00      1.00      1.00        16

    accuracy                           1.00       218
   macro avg       1.00      1.00      1.00       218
weighted avg       1.00      1.00      1.00       218


Confusion matrix:
[[41  0  0  0  0  0  0]
 [ 0 24  0  0  0  0  0]
 [ 0  0 38  0  0  0  0]
 [ 0  0  0 38  0  0  0]
 [ 0  0  0  0 42  0  0]
 [ 0  0  0  0  0 19  0]
 [ 0  0  0  0  0  0 16]]


Metrics for 4 fold, test:
              precision    recall  f1-score   support

           5       0.64      0.64      0.64        11
           6       1.00      1.00      1.00         6
           7       0.90      1.00      0.95         9
           8       0.69      1.00      0.82         9
           9       0.83      0.45      0.59        11
          12       1.00      1.00      1.00         4
          13       1.00      1.00      1.00         4

    accuracy                           0.81        54
   macro avg       0.87      0.87      0.86        54
weighted avg       0.82      0.81      0.80        54


Confusion matrix:
[[7 0 0 3 1 0 0]
 [0 6 0 0 0 0 0]
 [0 0 9 0 0 0 0]
 [0 0 0 9 0 0 0]
 [4 0 1 1 5 0 0]
 [0 0 0 0 0 4 0]
 [0 0 0 0 0 0 4]]


Metrics for 4 fold, train:
              precision    recall  f1-score   support

           5       1.00      1.00      1.00        40
           6       1.00      1.00      1.00        24
           7       1.00      1.00      1.00        39
           8       1.00      1.00      1.00        38
           9       1.00      1.00      1.00        42
          12       1.00      1.00      1.00        19
          13       1.00      1.00      1.00        16

    accuracy                           1.00       218
   macro avg       1.00      1.00      1.00       218
weighted avg       1.00      1.00      1.00       218


Confusion matrix:
[[40  0  0  0  0  0  0]
 [ 0 24  0  0  0  0  0]
 [ 0  0 39  0  0  0  0]
 [ 0  0  0 38  0  0  0]
 [ 0  0  0  0 42  0  0]
 [ 0  0  0  0  0 19  0]
 [ 0  0  0  0  0  0 16]]


Metrics for 5 fold, test:
              precision    recall  f1-score   support

           5       0.62      0.80      0.70        10
           6       0.86      1.00      0.92         6
           7       0.90      1.00      0.95         9
           8       0.88      0.78      0.82         9
           9       0.86      0.55      0.67        11
          12       1.00      1.00      1.00         5
          13       1.00      1.00      1.00         4

    accuracy                           0.83        54
   macro avg       0.87      0.87      0.87        54
weighted avg       0.85      0.83      0.83        54


Confusion matrix:
[[8 1 0 0 1 0 0]
 [0 6 0 0 0 0 0]
 [0 0 9 0 0 0 0]
 [2 0 0 7 0 0 0]
 [3 0 1 1 6 0 0]
 [0 0 0 0 0 5 0]
 [0 0 0 0 0 0 4]]


Metrics for 5 fold, train:
              precision    recall  f1-score   support

           5       1.00      1.00      1.00        41
           6       1.00      1.00      1.00        24
           7       1.00      1.00      1.00        39
           8       1.00      1.00      1.00        38
           9       1.00      1.00      1.00        42
          12       1.00      1.00      1.00        18
          13       1.00      1.00      1.00        16

    accuracy                           1.00       218
   macro avg       1.00      1.00      1.00       218
weighted avg       1.00      1.00      1.00       218


Confusion matrix:
[[41  0  0  0  0  0  0]
 [ 0 24  0  0  0  0  0]
 [ 0  0 39  0  0  0  0]
 [ 0  0  0 38  0  0  0]
 [ 0  0  0  0 42  0  0]
 [ 0  0  0  0  0 18  0]
 [ 0  0  0  0  0  0 16]]


