Metrics for 1 fold, test:
              precision    recall  f1-score   support

           0       0.86      0.95      0.90        20
           1       0.95      1.00      0.98        20
           2       0.95      0.95      0.95        20
           3       0.86      0.90      0.88        20
           4       1.00      0.80      0.89        20
           5       1.00      0.95      0.97        20
           6       1.00      1.00      1.00        20
           7       1.00      1.00      1.00        20
           8       0.89      0.85      0.87        20
           9       0.86      0.90      0.88        20
          10       1.00      1.00      1.00        20
          11       1.00      1.00      1.00        20
          12       1.00      1.00      1.00        20
          13       0.95      1.00      0.98        20

    accuracy                           0.95       280
   macro avg       0.95      0.95      0.95       280
weighted avg       0.95      0.95      0.95       280


Confusion matrix:
[[19  0  0  1  0  0  0  0  0  0  0  0  0  0]
 [ 0 20  0  0  0  0  0  0  0  0  0  0  0  0]
 [ 0  0 19  1  0  0  0  0  0  0  0  0  0  0]
 [ 1  0  1 18  0  0  0  0  0  0  0  0  0  0]
 [ 2  1  0  1 16  0  0  0  0  0  0  0  0  0]
 [ 0  0  0  0  0 19  0  0  0  1  0  0  0  0]
 [ 0  0  0  0  0  0 20  0  0  0  0  0  0  0]
 [ 0  0  0  0  0  0  0 20  0  0  0  0  0  0]
 [ 0  0  0  0  0  0  0  0 17  2  0  0  0  1]
 [ 0  0  0  0  0  0  0  0  2 18  0  0  0  0]
 [ 0  0  0  0  0  0  0  0  0  0 20  0  0  0]
 [ 0  0  0  0  0  0  0  0  0  0  0 20  0  0]
 [ 0  0  0  0  0  0  0  0  0  0  0  0 20  0]
 [ 0  0  0  0  0  0  0  0  0  0  0  0  0 20]]


Metrics for 1 fold, train:
              precision    recall  f1-score   support

           0       1.00      1.00      1.00        80
           1       1.00      1.00      1.00        80
           2       1.00      1.00      1.00        80
           3       1.00      1.00      1.00        80
           4       1.00      1.00      1.00        80
           5       1.00      1.00      1.00        80
           6       1.00      1.00      1.00        80
           7       1.00      1.00      1.00        80
           8       1.00      1.00      1.00        80
           9       1.00      1.00      1.00        80
          10       1.00      1.00      1.00        80
          11       1.00      1.00      1.00        80
          12       1.00      1.00      1.00        80
          13       1.00      1.00      1.00        80

    accuracy                           1.00      1120
   macro avg       1.00      1.00      1.00      1120
weighted avg       1.00      1.00      1.00      1120


Confusion matrix:
[[80  0  0  0  0  0  0  0  0  0  0  0  0  0]
 [ 0 80  0  0  0  0  0  0  0  0  0  0  0  0]
 [ 0  0 80  0  0  0  0  0  0  0  0  0  0  0]
 [ 0  0  0 80  0  0  0  0  0  0  0  0  0  0]
 [ 0  0  0  0 80  0  0  0  0  0  0  0  0  0]
 [ 0  0  0  0  0 80  0  0  0  0  0  0  0  0]
 [ 0  0  0  0  0  0 80  0  0  0  0  0  0  0]
 [ 0  0  0  0  0  0  0 80  0  0  0  0  0  0]
 [ 0  0  0  0  0  0  0  0 80  0  0  0  0  0]
 [ 0  0  0  0  0  0  0  0  0 80  0  0  0  0]
 [ 0  0  0  0  0  0  0  0  0  0 80  0  0  0]
 [ 0  0  0  0  0  0  0  0  0  0  0 80  0  0]
 [ 0  0  0  0  0  0  0  0  0  0  0  0 80  0]
 [ 0  0  0  0  0  0  0  0  0  0  0  0  0 80]]


Metrics for 2 fold, test:
              precision    recall  f1-score   support

           0       1.00      0.95      0.97        20
           1       1.00      0.95      0.97        20
           2       0.95      0.95      0.95        20
           3       0.90      0.95      0.93        20
           4       0.95      1.00      0.98        20
           5       1.00      0.85      0.92        20
           6       1.00      1.00      1.00        20
           7       1.00      1.00      1.00        20
           8       0.95      1.00      0.98        20
           9       0.91      1.00      0.95        20
          10       1.00      1.00      1.00        20
          11       1.00      1.00      1.00        20
          12       1.00      1.00      1.00        20
          13       1.00      1.00      1.00        20

    accuracy                           0.97       280
   macro avg       0.98      0.97      0.97       280
weighted avg       0.98      0.97      0.97       280


Confusion matrix:
[[19  0  1  0  0  0  0  0  0  0  0  0  0  0]
 [ 0 19  0  1  0  0  0  0  0  0  0  0  0  0]
 [ 0  0 19  1  0  0  0  0  0  0  0  0  0  0]
 [ 0  0  0 19  1  0  0  0  0  0  0  0  0  0]
 [ 0  0  0  0 20  0  0  0  0  0  0  0  0  0]
 [ 0  0  0  0  0 17  0  0  1  2  0  0  0  0]
 [ 0  0  0  0  0  0 20  0  0  0  0  0  0  0]
 [ 0  0  0  0  0  0  0 20  0  0  0  0  0  0]
 [ 0  0  0  0  0  0  0  0 20  0  0  0  0  0]
 [ 0  0  0  0  0  0  0  0  0 20  0  0  0  0]
 [ 0  0  0  0  0  0  0  0  0  0 20  0  0  0]
 [ 0  0  0  0  0  0  0  0  0  0  0 20  0  0]
 [ 0  0  0  0  0  0  0  0  0  0  0  0 20  0]
 [ 0  0  0  0  0  0  0  0  0  0  0  0  0 20]]


Metrics for 2 fold, train:
              precision    recall  f1-score   support

           0       1.00      1.00      1.00        80
           1       1.00      1.00      1.00        80
           2       1.00      1.00      1.00        80
           3       1.00      1.00      1.00        80
           4       1.00      1.00      1.00        80
           5       1.00      1.00      1.00        80
           6       1.00      1.00      1.00        80
           7       1.00      1.00      1.00        80
           8       1.00      1.00      1.00        80
           9       1.00      1.00      1.00        80
          10       1.00      1.00      1.00        80
          11       1.00      1.00      1.00        80
          12       1.00      1.00      1.00        80
          13       1.00      1.00      1.00        80

    accuracy                           1.00      1120
   macro avg       1.00      1.00      1.00      1120
weighted avg       1.00      1.00      1.00      1120


Confusion matrix:
[[80  0  0  0  0  0  0  0  0  0  0  0  0  0]
 [ 0 80  0  0  0  0  0  0  0  0  0  0  0  0]
 [ 0  0 80  0  0  0  0  0  0  0  0  0  0  0]
 [ 0  0  0 80  0  0  0  0  0  0  0  0  0  0]
 [ 0  0  0  0 80  0  0  0  0  0  0  0  0  0]
 [ 0  0  0  0  0 80  0  0  0  0  0  0  0  0]
 [ 0  0  0  0  0  0 80  0  0  0  0  0  0  0]
 [ 0  0  0  0  0  0  0 80  0  0  0  0  0  0]
 [ 0  0  0  0  0  0  0  0 80  0  0  0  0  0]
 [ 0  0  0  0  0  0  0  0  0 80  0  0  0  0]
 [ 0  0  0  0  0  0  0  0  0  0 80  0  0  0]
 [ 0  0  0  0  0  0  0  0  0  0  0 80  0  0]
 [ 0  0  0  0  0  0  0  0  0  0  0  0 80  0]
 [ 0  0  0  0  0  0  0  0  0  0  0  0  0 80]]


Metrics for 3 fold, test:
              precision    recall  f1-score   support

           0       0.95      1.00      0.98        20
           1       1.00      0.95      0.97        20
           2       0.90      0.95      0.93        20
           3       0.91      1.00      0.95        20
           4       1.00      0.85      0.92        20
           5       0.91      1.00      0.95        20
           6       1.00      1.00      1.00        20
           7       1.00      1.00      1.00        20
           8       1.00      1.00      1.00        20
           9       1.00      0.90      0.95        20
          10       1.00      1.00      1.00        20
          11       1.00      1.00      1.00        20
          12       1.00      1.00      1.00        20
          13       1.00      1.00      1.00        20

    accuracy                           0.97       280
   macro avg       0.98      0.97      0.97       280
weighted avg       0.98      0.97      0.97       280


Confusion matrix:
[[20  0  0  0  0  0  0  0  0  0  0  0  0  0]
 [ 0 19  1  0  0  0  0  0  0  0  0  0  0  0]
 [ 0  0 19  1  0  0  0  0  0  0  0  0  0  0]
 [ 0  0  0 20  0  0  0  0  0  0  0  0  0  0]
 [ 1  0  1  1 17  0  0  0  0  0  0  0  0  0]
 [ 0  0  0  0  0 20  0  0  0  0  0  0  0  0]
 [ 0  0  0  0  0  0 20  0  0  0  0  0  0  0]
 [ 0  0  0  0  0  0  0 20  0  0  0  0  0  0]
 [ 0  0  0  0  0  0  0  0 20  0  0  0  0  0]
 [ 0  0  0  0  0  2  0  0  0 18  0  0  0  0]
 [ 0  0  0  0  0  0  0  0  0  0 20  0  0  0]
 [ 0  0  0  0  0  0  0  0  0  0  0 20  0  0]
 [ 0  0  0  0  0  0  0  0  0  0  0  0 20  0]
 [ 0  0  0  0  0  0  0  0  0  0  0  0  0 20]]


Metrics for 3 fold, train:
              precision    recall  f1-score   support

           0       1.00      1.00      1.00        80
           1       1.00      1.00      1.00        80
           2       1.00      1.00      1.00        80
           3       1.00      1.00      1.00        80
           4       1.00      1.00      1.00        80
           5       1.00      1.00      1.00        80
           6       1.00      1.00      1.00        80
           7       1.00      1.00      1.00        80
           8       1.00      1.00      1.00        80
           9       1.00      1.00      1.00        80
          10       1.00      1.00      1.00        80
          11       1.00      1.00      1.00        80
          12       1.00      1.00      1.00        80
          13       1.00      1.00      1.00        80

    accuracy                           1.00      1120
   macro avg       1.00      1.00      1.00      1120
weighted avg       1.00      1.00      1.00      1120


Confusion matrix:
[[80  0  0  0  0  0  0  0  0  0  0  0  0  0]
 [ 0 80  0  0  0  0  0  0  0  0  0  0  0  0]
 [ 0  0 80  0  0  0  0  0  0  0  0  0  0  0]
 [ 0  0  0 80  0  0  0  0  0  0  0  0  0  0]
 [ 0  0  0  0 80  0  0  0  0  0  0  0  0  0]
 [ 0  0  0  0  0 80  0  0  0  0  0  0  0  0]
 [ 0  0  0  0  0  0 80  0  0  0  0  0  0  0]
 [ 0  0  0  0  0  0  0 80  0  0  0  0  0  0]
 [ 0  0  0  0  0  0  0  0 80  0  0  0  0  0]
 [ 0  0  0  0  0  0  0  0  0 80  0  0  0  0]
 [ 0  0  0  0  0  0  0  0  0  0 80  0  0  0]
 [ 0  0  0  0  0  0  0  0  0  0  0 80  0  0]
 [ 0  0  0  0  0  0  0  0  0  0  0  0 80  0]
 [ 0  0  0  0  0  0  0  0  0  0  0  0  0 80]]


Metrics for 4 fold, test:
              precision    recall  f1-score   support

           0       0.95      0.95      0.95        20
           1       0.90      0.95      0.93        20
           2       0.95      0.90      0.92        20
           3       0.95      1.00      0.98        20
           4       0.95      0.90      0.92        20
           5       0.95      0.95      0.95        20
           6       0.95      1.00      0.98        20
           7       1.00      1.00      1.00        20
           8       1.00      1.00      1.00        20
           9       0.95      0.90      0.92        20
          10       1.00      1.00      1.00        20
          11       1.00      1.00      1.00        20
          12       1.00      1.00      1.00        20
          13       1.00      1.00      1.00        20

    accuracy                           0.97       280
   macro avg       0.97      0.97      0.97       280
weighted avg       0.97      0.97      0.97       280


Confusion matrix:
[[19  0  0  0  1  0  0  0  0  0  0  0  0  0]
 [ 0 19  1  0  0  0  0  0  0  0  0  0  0  0]
 [ 0  2 18  0  0  0  0  0  0  0  0  0  0  0]
 [ 0  0  0 20  0  0  0  0  0  0  0  0  0  0]
 [ 1  0  0  1 18  0  0  0  0  0  0  0  0  0]
 [ 0  0  0  0  0 19  0  0  0  1  0  0  0  0]
 [ 0  0  0  0  0  0 20  0  0  0  0  0  0  0]
 [ 0  0  0  0  0  0  0 20  0  0  0  0  0  0]
 [ 0  0  0  0  0  0  0  0 20  0  0  0  0  0]
 [ 0  0  0  0  0  1  1  0  0 18  0  0  0  0]
 [ 0  0  0  0  0  0  0  0  0  0 20  0  0  0]
 [ 0  0  0  0  0  0  0  0  0  0  0 20  0  0]
 [ 0  0  0  0  0  0  0  0  0  0  0  0 20  0]
 [ 0  0  0  0  0  0  0  0  0  0  0  0  0 20]]


Metrics for 4 fold, train:
              precision    recall  f1-score   support

           0       1.00      1.00      1.00        80
           1       1.00      1.00      1.00        80
           2       1.00      1.00      1.00        80
           3       1.00      1.00      1.00        80
           4       1.00      1.00      1.00        80
           5       1.00      1.00      1.00        80
           6       1.00      1.00      1.00        80
           7       1.00      1.00      1.00        80
           8       1.00      1.00      1.00        80
           9       1.00      1.00      1.00        80
          10       1.00      1.00      1.00        80
          11       1.00      1.00      1.00        80
          12       1.00      1.00      1.00        80
          13       1.00      1.00      1.00        80

    accuracy                           1.00      1120
   macro avg       1.00      1.00      1.00      1120
weighted avg       1.00      1.00      1.00      1120


Confusion matrix:
[[80  0  0  0  0  0  0  0  0  0  0  0  0  0]
 [ 0 80  0  0  0  0  0  0  0  0  0  0  0  0]
 [ 0  0 80  0  0  0  0  0  0  0  0  0  0  0]
 [ 0  0  0 80  0  0  0  0  0  0  0  0  0  0]
 [ 0  0  0  0 80  0  0  0  0  0  0  0  0  0]
 [ 0  0  0  0  0 80  0  0  0  0  0  0  0  0]
 [ 0  0  0  0  0  0 80  0  0  0  0  0  0  0]
 [ 0  0  0  0  0  0  0 80  0  0  0  0  0  0]
 [ 0  0  0  0  0  0  0  0 80  0  0  0  0  0]
 [ 0  0  0  0  0  0  0  0  0 80  0  0  0  0]
 [ 0  0  0  0  0  0  0  0  0  0 80  0  0  0]
 [ 0  0  0  0  0  0  0  0  0  0  0 80  0  0]
 [ 0  0  0  0  0  0  0  0  0  0  0  0 80  0]
 [ 0  0  0  0  0  0  0  0  0  0  0  0  0 80]]


Metrics for 5 fold, test:
              precision    recall  f1-score   support

           0       1.00      0.90      0.95        20
           1       0.95      1.00      0.98        20
           2       0.95      1.00      0.98        20
           3       1.00      0.95      0.97        20
           4       0.86      0.90      0.88        20
           5       0.94      0.85      0.89        20
           6       1.00      1.00      1.00        20
           7       1.00      0.90      0.95        20
           8       0.83      1.00      0.91        20
           9       0.90      0.90      0.90        20
          10       1.00      1.00      1.00        20
          11       1.00      1.00      1.00        20
          12       1.00      1.00      1.00        20
          13       1.00      1.00      1.00        20

    accuracy                           0.96       280
   macro avg       0.96      0.96      0.96       280
weighted avg       0.96      0.96      0.96       280


Confusion matrix:
[[18  0  0  0  2  0  0  0  0  0  0  0  0  0]
 [ 0 20  0  0  0  0  0  0  0  0  0  0  0  0]
 [ 0  0 20  0  0  0  0  0  0  0  0  0  0  0]
 [ 0  0  0 19  1  0  0  0  0  0  0  0  0  0]
 [ 0  1  1  0 18  0  0  0  0  0  0  0  0  0]
 [ 0  0  0  0  0 17  0  0  1  2  0  0  0  0]
 [ 0  0  0  0  0  0 20  0  0  0  0  0  0  0]
 [ 0  0  0  0  0  0  0 18  2  0  0  0  0  0]
 [ 0  0  0  0  0  0  0  0 20  0  0  0  0  0]
 [ 0  0  0  0  0  1  0  0  1 18  0  0  0  0]
 [ 0  0  0  0  0  0  0  0  0  0 20  0  0  0]
 [ 0  0  0  0  0  0  0  0  0  0  0 20  0  0]
 [ 0  0  0  0  0  0  0  0  0  0  0  0 20  0]
 [ 0  0  0  0  0  0  0  0  0  0  0  0  0 20]]


Metrics for 5 fold, train:
              precision    recall  f1-score   support

           0       1.00      1.00      1.00        80
           1       1.00      1.00      1.00        80
           2       1.00      1.00      1.00        80
           3       1.00      1.00      1.00        80
           4       1.00      1.00      1.00        80
           5       1.00      1.00      1.00        80
           6       1.00      1.00      1.00        80
           7       1.00      1.00      1.00        80
           8       1.00      1.00      1.00        80
           9       1.00      1.00      1.00        80
          10       1.00      1.00      1.00        80
          11       1.00      1.00      1.00        80
          12       1.00      1.00      1.00        80
          13       1.00      1.00      1.00        80

    accuracy                           1.00      1120
   macro avg       1.00      1.00      1.00      1120
weighted avg       1.00      1.00      1.00      1120


Confusion matrix:
[[80  0  0  0  0  0  0  0  0  0  0  0  0  0]
 [ 0 80  0  0  0  0  0  0  0  0  0  0  0  0]
 [ 0  0 80  0  0  0  0  0  0  0  0  0  0  0]
 [ 0  0  0 80  0  0  0  0  0  0  0  0  0  0]
 [ 0  0  0  0 80  0  0  0  0  0  0  0  0  0]
 [ 0  0  0  0  0 80  0  0  0  0  0  0  0  0]
 [ 0  0  0  0  0  0 80  0  0  0  0  0  0  0]
 [ 0  0  0  0  0  0  0 80  0  0  0  0  0  0]
 [ 0  0  0  0  0  0  0  0 80  0  0  0  0  0]
 [ 0  0  0  0  0  0  0  0  0 80  0  0  0  0]
 [ 0  0  0  0  0  0  0  0  0  0 80  0  0  0]
 [ 0  0  0  0  0  0  0  0  0  0  0 80  0  0]
 [ 0  0  0  0  0  0  0  0  0  0  0  0 80  0]
 [ 0  0  0  0  0  0  0  0  0  0  0  0  0 80]]


